sensor_id,time_stamp,x,y,z,v,a,vx,vy,vz,ax,ay,az,https://www.iis.fraunhofer.de/en/ff/lv/dataanalytics/ek/download.html
98,10629342490369879,26406,-6869,1070,1166235,7161971,-5706,3485,-7435,-2410,-8454,-4765
98,10629347605342274,26406,-6869,1070,1166235,7161971,-5706,3485,-7435,-2410,-8454,-4765
98,10629352720314738,26406,-6869,1070,1166235,7161971,-5706,3485,-7435,-2410,-8454,-4765
98,10629357835286658,26406,-6869,1070,1166235,7161971,-5706,3485,-7435,-2410,-8454,-4765
98,10629362950259427,26406,-6869,1070,1166235,7161971,-5706,3485,-7435,-2410,-8454,-4765
98,10629368065231435,26406,-6869,1070,1166235,7161971,-5706,3485,-7435,-2410,-8454,-4765
98,10629373180203890,26406,-6869,1070,1166235,7161971,-5706,3485,-7435,-2410,-8454,-4765
98,10629378295176356,26406,-6869,1070,1166235,7161971,-5706,3485,-7435,-2410,-8454,-4765
98,10629383410148822,26406,-6869,1070,1166235,7161971,-5706,3485,-7435,-2410,-8454,-4765
69,10632024809835772,27679,-221,1011,553570,2481132,-9441,2048,2580,-8913,1107,4396
69,10632029737813340,27679,-221,1011,553570,2481132,-9441,2048,2580,-8913,1107,4396
19,10633811911716270,26416,-6156,258,141603,523633,7167,1041,6895,3463,-7555,5560
67,10634726820637202,26679,-578,197,170867,685864,1416,-1141,-9833,8312,-1441,-5369
67,10634731737624712,26679,-580,194,140437,607509,2074,-855,-9744,9661,2063,-1549
66,10634732514566388,27813,-558,67,142069,1233916,-5400,-636,8392,-158,-7878,6156
75,10634735140223609,26254,-1097,-154,82907,837089,-539,9671,2485,7827,6169,-816
67,10634736654612317,26679,-580,192,150530,668588,2205,-473,-9742,9189,3206,-2296
66,10634737426529044,27813,-558,69,121712,1513838,-2211,-52,9752,7855,-3696,4961
65,10634738740592737,28258,-893,439,53656,885053,5930,450,8038,8042,5909,-626
75,10634740108248464,26253,-1098,-156,65275,1074769,2564,8481,4635,9999,15,76
67,10634741571599146,26678,-581,191,124092,604942,-213,461,-9987,-4432,8936,705
66,10634742338491490,27811,-558,72,141467,1351392,-2986,-891,9501,5289,-5963,6038
65,10634743644610012,28259,-893,443,72231,735242,5443,-1940,8161,9913,1255,371
75,10634745076273369,26252,-1098,-159,75571,644954,-51,8691,4944,9203,3733,1166
40,10634745596635883,27230,-481,1506,106878,690961,4375,1495,-8866,6973,7161,290
67,10634746488586437,26679,-582,187,146382,802466,2827,-26,-9591,9017,4201,-1011
47,10634747088949386,27488,-5849,161,57112,1206195,5291,-7075,-4683,8356,-5332,1316
66,10634747250453778,27811,-558,71,114779,1020279,-3549,-494,9335,5758,-5758,5803
65,10634748548627860,28259,-893,443,70532,975506,6962,-116,7176,9160,3997,-320
75,10634750044298312,26250,-1099,-162,79748,525563,-1258,9191,3732,6411,7635,771
40,10634750340656918,27228,-481,1510,67619,833931,-1085,3422,-9333,-7216,6669,1855
67,10634751405573980,26679,-582,187,132537,519314,2656,-583,-9623,9667,2512,480
47,10634751877941530,27488,-5847,154,163998,3111721,2532,6622,-7052,2219,9584,-1793
64,10634751971980811,28525,-1465,-220,52995,506328,550,-324,9979,-6709,-2439,7002
66,10634752162416022,27811,-558,73,105835,1460402,-750,758,9942,9158,-928,3907
65,10634753452644011,28259,-892,447,101603,568366,3694,-2367,8986,7979,-4452,4062
75,10634755012324256,26251,-1099,-157,75870,692212,445,9523,3017,8777,4765,-490
40,10634755084677972,27228,-481,1514,50176,742866,1991,6004,-7744,-1168,9148,3864
44,10634755547514820,25744,-1447,203,90742,1479051,-3302,-7284,6002,-9964,-367,-759
59,10634755550573941,27659,-4120,1155,72636,2007708,-8348,2081,5096,-8887,3187,-3293
68,10634755873694169,25983,-477,309,23957,731019,3529,778,-9323,-2499,7267,-6398
67,10634756322561533,26680,-583,183,154627,730175,3013,-470,-9523,9696,1914,-1522
47,10634756666934114,27489,-5847,152,164160,2662357,4380,5554,-7068,5341,8227,-1942
106,10634756810918578,25352,-2712,275,111387,830980,1231,-5115,-8504,804,-9003,-4277
64,10634756867950891,28525,-1467,-231,108545,2284036,-6951,-3519,-6268,-9130,-3830,-1402
66,10634757074378305,27811,-559,72,108402,1513717,-236,-1186,9926,8351,-4020,3754
61,10634757171903878,27058,-130,-110,178392,2700132,3054,-9332,-1892,4149,-8999,1339
49,10634757476845730,27892,-4438,22,86584,1277958,-4649,-7167,-5197,-2280,-9660,-1217
65,10634758356661915,28258,-892,446,65741,288453,-120,-1322,9911,-9471,2364,2169
40,10634759828698844,27228,-481,1514,51090,742866,1875,6528,-7339,-1168,9148,3864
75,10634759980348361,26248,-1098,-162,142524,1722577,-3790,9194,-1042,-4389,8857,-1506
44,10634760315481787,25744,-1448,202,128850,1453876,437,-9589,2803,-954,-9824,-1603
59,10634760414546009,27659,-4118,1161,95266,2267953,-8880,2001,4138,-9163,2720,-2937
68,10634760796662716,25981,-474,314,79680,2078530,-3546,9269,-1223,-4227,8844,-1973
67,10634761239548713,26680,-583,184,142944,1109612,4963,-1061,-8615,9967,-492,643
47,10634761455926662,27489,-5847,150,192583,2777050,3519,5724,-7405,4005,8801,-2546
64,10634761763922106,28524,-1465,-225,75036,1572155,-9791,1298,-1565,-9976,-668,-112
106,10634761978893970,25352,-2712,274,105690,742290,1230,-5327,-8373,522,-9166,-3963
66,10634761986340719,27812,-559,70,91202,2322859,4381,-4941,7508,8301,-5433,1247
61,10634762051865344,27058,-131,-113,153012,1831362,3276,-9168,-2280,5227,-8301,1936
28,10634762268256652,27903,-3712,357,127479,1468943,-2900,9541,742,5973,7547,-2712
49,10634762276815336,27893,-4439,20,78384,947935,-324,-7119,-7014,3139,-9177,-2433
65,10634763260678907,28258,-893,445,78344,673509,2167,-6051,7660,690,-9960,550
99,10634764098437916,26790,-561,2042,26495,615837,6198,7842,-281,9723,-839,2178
40,10634764572720448,27228,-481,1514,56050,787381,2125,6978,-6839,-398,9375,3456
75,10634764948373451,26248,-1099,-164,97236,688983,-2335,9629,-1346,1364,9308,-3390
44,10634765083448872,25744,-1449,202,168558,2496869,2630,-9634,506,3857,-9058,-1750
38,10634765129928608,26738,-326,389,78589,1869043,9276,-1676,3337,9363,-762,-3427
59,10634765278517461,27658,-4118,1161,103762,2267953,-9127,2126,3487,-9163,2720,-2937
68,10634765719630690,25983,-476,312,59500,1044695,4393,4911,-7522,2483,7886,-5625
67,10634766156536890,26681,-583,184,140115,1089154,5125,371,-8578,9317,3544,782
47,10634766244919678,27489,-5846,151,191937,2695140,4026,6102,-6822,4641,8580,-2196
64,10634766659893874,28523,-1465,-220,90582,1626926,-9826,1537,1040,-9983,-297,482
66,10634766898302761,27812,-560,70,97013,2319013,4788,-5898,6501,7844,-6116,1026
61,10634766931828462,27058,-131,-112,165147,1967886,4006,-8981,-1812,5968,-7794,1902
28,10634766935231993,27903,-3712,357,131219,1468943,-2505,9663,580,5973,7547,-2712
49,10634767076783574,27892,-4439,20,78729,1050495,-283,-8431,-5368,2126,-9683,-1308
106,10634767146869495,25352,-2712,276,85466,574176,1703,-6037,-7788,1189,-9679,-2212
58,10634767557717161,25290,-4224,397,72827,319377,3503,5055,-7884,-2502,7684,-5888
54,10634767932369988,25777,-4638,330,465626,1020575,4850,6668,5657,4166,8266,3782
65,10634768164695967,28257,-893,446,76801,460229,3532,-4746,8061,5876,-8048,832
99,10634769220357383,26790,-561,2042,26495,615837,6198,7842,-281,9723,-839,2178
40,10634769316740499,27230,-485,1524,145502,2781510,7795,-5986,1842,7362,-6366,2294
44,10634769851415936,25744,-1450,202,178789,2402013,2324,-9695,776,3292,-9309,-1580
38,10634769860893300,26739,-326,389,85559,1869043,9488,-1618,2711,9363,-762,-3427
75,10634769916398474,26247,-1100,-167,99976,673501,-2142,9754,514,1510,9794,-1339
59,10634770142488309,27660,-4121,1167,103943,1480124,-4217,-7822,4584,-7217,-5769,-3823
68,10634770642598719,25981,-473,316,101124,2246220,-4915,8700,-384,-5481,8209,-1599
47,10634771033911736,27487,-5849,146,161499,923236,124,1183,-9928,-4844,1592,-8601
67,10634771073523859,26680,-584,182,135008,736397,3779,-2723,-8848,7087,-6907,1436
64,10634771555864039,28531,-1468,-243,187744,1096997,355,-1457,-9886,-5190,-2887,-8045
28,10634771602208347,27904,-3711,350,141231,1968007,595,9083,-4139,7893,4648,-4010
100,10634771786313887,26189,-19,895,130624,1774000,-9472,1052,3027,-7714,5877,-2435
66,10634771810265080,27812,-560,76,164672,2446776,3416,-191,9396,9302,473,3638
61,10634771811790481,27055,-131,-111,132703,1385898,-3202,-9396,-1202,-7020,-6274,3368
49,10634771876751773,27892,-4438,17,117421,1036162,1432,-1951,-9702,8112,486,-5826
106,10634772314845252,25352,-2712,274,71476,798548,-2331,-1356,-9629,-8689,4587,-1856
105,10634772365997365,25371,-1748,-1647,82060,1546269,572,-9614,-2689,-4980,-6687,-5520
58,10634772416670748,25290,-4225,396,73056,344138,4450,1851,-8761,2294,-7034,-6726
73,10634772435182113,25229,-1679,294,87219,1394466,3254,6246,7098,-1135,8899,4417
54,10634772764342527,25777,-4638,330,465626,1020575,4850,6668,5657,4166,8266,3782
65,10634773068713445,28257,-893,446,84043,660512,5535,-3589,7514,9628,-2639,561
40,10634774060761359,27227,-483,1529,80354,1247477,5938,-5241,6104,5549,-6133,5620
99,10634774342276898,26790,-561,2042,26495,615837,6198,7842,-281,9723,-839,2178
38,10634774591858647,26738,-327,394,101486,1254335,5363,-2489,8064,9223,-3019,-2409
44,10634774619383043,25744,-1450,202,183609,2252845,2270,-9736,196,2957,-9343,-1986
75,10634774884423536,26245,-1101,-170,104821,885264,-5997,7983,-532,-8484,5070,-1517
59,10634775006459700,27659,-4119,1173,117341,1783411,-6892,-4802,5425,-9093,-2979,-2902
68,10634775565566862,25979,-472,318,184195,3399673,-6487,6901,3206,-7016,7124,69
47,10634775822904087,27485,-5850,144,190663,2240733,-3578,1171,-9264,-8996,1603,-4060
67,10634775990511257,26681,-584,182,136241,736397,3933,-2882,-8730,7087,-6907,1436
28,10634776269182504,27903,-3711,358,202758,2156625,-1897,9233,3337,3145,9487,313
64,10634776451835563,28529,-1466,-241,199827,1384733,-1410,245,-9897,-7271,395,-6853
49,10634776676720536,27891,-4437,20,123291,645294,-2527,-1068,-9616,2615,1522,-9531
61,10634776691753407,27056,-131,-110,108481,1179662,-4641,-8853,-254,-8797,-1042,4639
66,10634776722227928,27812,-560,78,168119,2096550,2991,16,9541,9039,702,4218
100,10634776914331940,26187,-19,901,149739,1809035,-8940,1821,4093,-7213,6691,-1784
58,10634777275624449,25290,-4221,401,158178,2487735,1862,9580,-2178,52,9999,-79
73,10634777390144766,25228,-1679,293,71594,1345907,1808,7858,5914,-3399,8763,3412
106,10634777482820678,25351,-2712,274,70449,868849,-3100,-535,-9492,-8424,5188,-1452
105,10634777526023488,25371,-1749,-1644,85978,1482332,373,-9510,-3067,-4739,-6629,-5795
54,10634777596315301,25777,-4638,330,465626,1020575,4850,6668,5657,4166,8266,3782
65,10634777972730683,28257,-893,443,34413,380401,6586,-3890,6440,5901,5798,-5616
16,10634778786262244,27751,-5617,-94,100636,2580027,-7401,-667,-6691,-9542,2918,656
40,10634778804781685,27228,-483,1529,83017,1204351,6199,-5191,5883,5725,-5945,5645
38,10634779322822546,26743,-327,377,170201,2380006,6929,1383,-7076,7401,3035,-6000
44,10634779387350421,25745,-1452,196,291612,3916884,1178,-9388,-3235,1547,-9396,-3051
99,10634779464196274,26790,-561,2042,26495,615837,6198,7842,-281,9723,-839,2178
75,10634779852448359,26244,-1101,-170,117575,1038178,-5850,8107,-213,-7774,6197,-1070
59,10634779870431086,27659,-4118,1176,102197,1753686,-8847,-2111,4155,-9296,249,-3675
97,10634780090278982,25995,-5581,1604,75791,1330560,9129,-4018,-707,7682,-6401,-61
68,10634780488534993,25982,-471,316,127816,2182040,-2048,9780,385,-1459,9818,-1209
47,10634780611896524,27486,-5851,144,175136,1203788,-1484,1567,-9764,-6801,2743,-6797
67,10634780907498430,26680,-586,181,147304,738569,-569,-2527,-9658,-8496,-5199,-883
28,10634780936158509,27903,-3713,361,171117,1814476,-990,9197,3798,5269,8498,91
64,10634781347806511,28529,-1467,-236,148094,646993,1384,-394,-9895,-276,938,-9952
14,10634781413727100,26230,-5729,-434,100090,1323802,-8937,3716,-2511,-5179,8122,2683
49,10634781476689289,27892,-4438,21,117170,606784,-2203,-1269,-9671,3243,1045,-9401
61,10634781571714582,27056,-133,-111,137775,1284369,-2155,-9733,789,-4609,-7339,4988
66,10634781634190356,27813,-560,75,151611,2075310,4474,-429,8932,9435,-130,3309
100,10634782042350056,26185,-19,904,140077,795115,-8261,-2173,5197,-9500,-284,-3107
58,10634782134577687,25290,-4221,401,161708,2266276,2884,9330,-2149,1606,9869,-111
73,10634782345107530,25229,-1679,292,97664,1432115,8059,5253,2729,7721,5913,2325
106,10634782650797200,25352,-2711,274,55442,739554,-3236,418,-9452,-7622,6471,-125
105,10634782686049629,25371,-1751,-1639,126330,1763443,1874,-9530,-2379,-852,-8654,-4936
65,10634782876749011,28257,-893,445,49911,394395,4381,-597,8969,4039,8981,-1733
16,10634783378234400,27754,-5616,-88,52358,2127197,-9498,-1051,2944,-8928,2885,3458
40,10634783548803212,27227,-483,1530,61473,716754,1744,-2434,9541,-1469,-1654,9752
38,10634784053787251,26742,-327,384,56428,1082680,6409,2896,-7107,319,4420,-8964
44,10634784155317633,25743,-1452,197,262757,2975544,83,-9504,-3106,-1161,-9265,-3577
53,10634784354669921,25207,-4614,357,141871,1326048,-7531,6531,-783,-6575,1155,7444
23,10634784437799938,25339,-4955,665,160062,931057,-6698,7400,602,-8176,325,-5747
59,10634784734402507,27659,-4117,1180,90483,1429346,-8628,-1614,4790,-8852,979,-4547
75,10634784820473814,26244,-1100,-172,117818,843345,-4840,8734,-517,-5590,8157,-1482
97,10634785199262606,25995,-5581,1604,82332,1330560,9038,-4227,-656,7682,-6401,-61
47,10634785400889025,27485,-5852,142,183179,1270172,-1693,-761,-9826,-5979,-4462,-6657
68,10634785411502939,25981,-472,320,110146,1546058,-4766,8455,2406,-5112,8541,-952
28,10634785603134507,27903,-3713,361,159818,1366109,-1618,8756,4550,4729,8803,368
67,10634785824485774,26679,-585,178,152460,1338480,-405,2952,-9545,-3927,9172,-660
14,10634785989683299,26228,-5729,-436,115413,1374932,-9268,3117,-2090,-6876,6739,2701
64,10634786243777526,28530,-1467,-236,171623,779167,1856,-36,-9826,1738,2180,-9603
49,10634786276658121,27888,-4435,14,215707,1724604,-2706,2392,-9324,1382,7674,-6260
61,10634786451676729,27056,-132,-111,103287,818951,-712,-9375,3403,-1563,-647,9855
66,10634786546152657,27811,-560,81,200968,1404508,565,908,9942,5557,3119,7705
58,10634786993531748,25289,-4219,400,197678,2736928,166,9433,-3312,-1911,9773,-913
100,10634787170366466,26185,-20,905,169282,890095,-7693,-712,6348,-9160,3995,-356
24,10634787293782908,25940,-5401,1146,172969,1235812,-3602,-1308,9236,-9032,362,4275
73,10634787300071080,25229,-1679,292,107367,1490539,6966,6310,3412,5870,7656,2630
65,10634787780765168,28256,-894,437,72389,759616,3026,-5020,-8101,3498,-1949,-9163
106,10634787818771431,25351,-2713,270,97545,1045263,-4104,-1117,-9050,-9319,2611,-2515
105,10634787846075871,25372,-1754,-1632,121674,1705641,-439,-7489,-6612,-4946,-5309,-6880
16,10634787970206678,27756,-5617,-87,37939,1543316,-8855,-4398,1492,-8893,2121,4049
40,10634788292824067,27227,-483,1531,65326,745649,3511,-3967,8481,1569,-4260,8910
38,10634788784752442,26743,-327,383,72332,1102999,7494,1374,-6476,3844,2795,-8797
44,10634788923285161,25744,-1452,197,286406,3315587,1268,-9498,-2857,1647,-9373,-3071
23,10634789072763089,25339,-4955,664,164160,929224,-7060,6923,1491,-8936,-841,-4408
53,10634789181646323,25209,-4615,355,69936,1196583,-1759,8088,-5610,6899,-1500,7080
59,10634789598373959,27659,-4117,1180,94354,1429346,-8926,-1476,4258,-8852,979,-4547
75,10634789788498214,26243,-1101,-178,110463,542229,-4600,8188,-3433,-3691,7356,-5679
47,10634790189881052,27486,-5851,141,153119,1008272,-1866,-1044,-9768,-5659,-6067,-5581
28,10634790270108866,27904,-3713,366,190555,2013047,722,7528,6542,6853,7034,1881
97,10634790308246230,25996,-5581,1604,88913,1330560,8956,-4404,-612,7682,-6401,-61
68,10634790334471709,25980,-472,321,129595,1684168,-5780,7379,3481,-6707,7414,-213
14,10634790565640142,26228,-5729,-437,119631,1470998,-9082,3963,-1340,-6164,7343,2839
74,10634790575746049,25008,-1552,495,187164,2007080,-3263,4129,-8502,-4712,5023,-7249
67,10634790741472990,26679,-589,178,126217,463752,117,-68,-9999,-7665,6254,1456
49,10634791076627162,27898,-4442,14,333310,3568093,4930,-4522,-7432,7260,-5597,-3994
64,10634791139748949,28527,-1467,-235,136941,1278032,-3989,593,-9150,-9110,256,-4115
61,10634791331639376,27054,-130,-112,38671,1676961,-7459,-5947,2997,-2574,8968,3597
66,10634791458115138,27811,-561,82,202500,1574430,1809,-430,9825,7464,-835,6602
58,10634791852484851,25289,-4219,399,183323,2071177,1155,9172,-3812,-542,9901,-1290
24,10634791933761541,25941,-5399,1149,241209,2782329,-4657,2753,8410,-7675,5812,2701
73,10634792255032980,25229,-1682,296,149824,2802784,5184,-5432,6603,3776,-8770,2969
100,10634792298386457,26187,-20,901,63117,1111514,-4088,-7743,4829,8652,-3392,-3691
88,10634792545648500,27842,-4296,-274,131624,1147304,1588,856,9835,1580,-7168,6790
16,10634792562179028,27756,-5617,-87,44485,1414686,-7844,-6015,1506,-8985,524,4357
65,10634792684782681,28258,-893,439,74350,1277883,9126,-1226,-3899,8556,3301,-3986
106,10634792986747464,25352,-2713,272,47300,252114,1302,-1210,-9840,5168,8213,2413
105,10634793006102210,25372,-1756,-1618,63142,1237906,-1675,-6765,-7170,-6377,249,-7698
40,10634793036845024,27225,-483,1534,99849,1120248,-2567,50,9664,-6209,2040,7567
38,10634793515716683,26740,-327,391,90304,2557980,-9278,2643,2631,-9479,2084,-2406
44,10634793691252310,25744,-1453,198,286635,2967393,98,-9713,-2376,-1092,-9488,-2963
23,10634793707726863,25339,-4954,660,116949,1602476,-8494,5108,-1322,-3304,-8512,-4075
53,10634794008622674,25209,-4614,351,99556,839864,-4316,8035,-4098,2425,1805,9531
59,10634794462345428,27658,-4112,1201,214719,1229330,-3889,-1364,9111,-8813,-4682,633
75,10634794756523116,26241,-1103,-178,81357,347361,-6754,7126,-1896,-5739,-7055,-4157
28,10634794937084205,27904,-3713,366,197265,2013047,1024,7607,6409,6853,7034,1881
47,10634794978873839,27485,-5851,138,169859,1049256,-2268,499,-9726,-7777,-177,-6283
14,10634795141594221,26227,-5728,-443,141566,1105023,-7231,2854,-6289,-5434,8351,-845
68,10634795257439371,25983,-468,321,220422,3948906,3642,9310,-229,5662,8213,-690
97,10634795417229854,25996,-5581,1604,95524,1330560,8883,-4555,-574,7682,-6401,-61
74,10634795537689417,25014,-1552,511,138104,1752807,6790,6068,4130,8158,5755,-558
67,10634795658460326,26681,-591,177,138712,462580,2830,-2184,-9339,8022,-5926,726
49,10634795876596280,27897,-4441,13,322480,3080605,4216,-4246,-8011,6983,-5428,-4665
64,10634796035720134,28527,-1467,-229,61429,507769,-4960,1039,-8620,-9448,2203,-2424
61,10634796211601490,27054,-130,-112,17168,1889405,-3002,-1591,9404,310,9454,3243
66,10634796370078041,27812,-562,80,192240,1749379,2944,-1858,9374,7714,-3850,5065
24,10634796573739912,25941,-5399,1148,217365,2976173,-6135,3557,7049,-7885,5989,1395
58,10634796711438622,25289,-4216,403,288843,4283122,-274,9934,-1109,-1552,9878,-15
16,10634797154151352,27757,-5616,-88,103027,2855917,-8212,5386,-1878,-7379,6599,1407
73,10634797209996002,25226,-1682,291,72248,2117575,-5170,-7848,3415,-7608,-6340,1385
100,10634797426404748,26185,-18,904,66074,679395,-6793,-4206,6013,8285,287,-5591
65,10634797588799783,28258,-893,440,85619,1606462,9602,2640,908,7826,6003,-1647
88,10634797596594349,27841,-4297,-269,158615,1443680,1576,-787,9843,1542,-7692,6200
40,10634797780866227,27224,-483,1533,96586,1276063,-4510,13,8924,-7858,1521,5993
106,10634798154722834,25353,-2713,271,72381,815788,5066,1074,-8554,8661,4954,-650
105,10634798166128406,25373,-1759,-1613,115324,1280973,1474,-6528,-7430,-526,-3786,-9240
38,10634798246681248,26744,-327,389,42643,1082623,1509,4337,-8883,-3789,3754,-8458
23,10634798342690175,25338,-4953,660,107013,1441696,-8380,5284,-1355,-1583,-8879,-4317
44,10634798459219329,25744,-1453,202,265175,2476495,1004,-9925,-687,1072,-9767,-1854
53,10634798835598807,25212,-4616,348,69898,1685057,4260,6184,-6602,8638,-1622,4768
59,10634799326316710,27658,-4110,1209,256928,876901,-2736,-289,9614,-8361,-4326,3372
28,10634799604059241,27907,-3715,355,111847,2898377,9922,766,-980,9302,-3112,-1941
14,10634799717549746,26226,-5728,-446,139943,938276,-6290,2962,-7187,-2872,9415,-1759
75,10634799724548921,26241,-1103,-184,66472,760349,-6411,5216,-5628,2065,-9155,-3451
47,10634799767866154,27485,-5851,141,108000,824550,307,-1569,-9871,4757,-8545,-2082
68,10634800180407616,25984,-468,316,220136,3595505,5022,8371,-2167,7013,6983,-1429
63,10634800243044909,28433,-1857,128,50766,841530,9937,953,575,9815,197,-1901
74,10634800499632862,25016,-1552,512,135573,1546528,6901,5555,4637,8631,5034,-388
97,10634800526213163,25996,-5582,1612,98802,1249206,9206,-3864,-546,8236,-5670,-69
13,10634800573758157,25935,-5656,355,84839,1038216,-5546,4326,7107,-6656,7071,2386
67,10634800575448160,26681,-591,177,157126,421099,2589,-1598,-9525,8990,-3188,-3000
49,10634800676565097,27899,-4442,16,296794,2748689,4201,-4845,-7672,6311,-6369,-4425
64,10634800931691301,28526,-1464,-226,90181,954846,-4555,6519,-6061,-4788,8640,-1555
61,10634801091564160,27053,-130,-112,43641,1703844,-4573,-1455,8772,-1342,8830,4495
24,10634801213718653,25940,-5401,1147,228628,3004614,-6749,3153,6670,-8432,5203,1347
66,10634801282039772,27810,-561,81,175294,882859,-530,-974,9938,-2101,-4207,8825
58,10634801570392546,25288,-4216,405,257103,3480000,-1991,9795,-292,-4258,9036,461
16,10634801746123868,27757,-5615,-87,132278,3180583,-8680,4814,-1210,-8021,5831,1284
73,10634802164958762,25225,-1682,291,75075,1942635,-6219,-5981,5054,-8597,-4724,1938
65,10634802492816705,28256,-894,437,53413,696225,3521,-482,-9347,205,5299,-8477
40,10634802524886591,27223,-482,1540,165144,1751640,-4023,1817,8972,-6710,4277,6055
100,10634802554423011,26185,-14,904,69176,1475060,-6521,6388,4081,3258,8978,-2960
88,10634802647541249,27838,-4295,-274,122337,776256,-2246,4824,8466,-6021,1761,7786
38,10634802977646724,26745,-326,386,81625,1576418,49,6502,-7596,-3696,6650,-6489
23,10634802977653441,25339,-4953,662,86381,1293630,-4456,8911,-849,7805,-4689,-4132
44,10634803227186521,25744,-1454,202,299171,2886942,719,-9910,-1128,640,-9786,-1953
106,10634803322698132,25352,-2714,272,62286,581727,3252,-5803,-7466,6666,-7381,1034
105,10634803326155259,25373,-1759,-1615,99941,1116212,1145,-6722,-7314,-1573,-2695,-9500
53,10634803662576071,25211,-4616,351,54504,1821014,6714,6398,-3737,8297,-2162,5145
59,10634804190288161,27658,-4110,1211,259364,876901,-2848,-357,9579,-8361,-4326,3372
28,10634804271034815,27907,-3715,351,130659,2776681,8200,423,-5707,8512,-3991,-3407
14,10634804293505598,26229,-5728,-448,112358,1911489,2423,3080,-9199,9165,3859,-1050
47,10634804556858618,27488,-5852,139,182194,3845336,7133,-3545,-6045,8697,-4921,-372
75,10634804692573178,26243,-1103,-186,92881,2583891,7686,6026,-2144,9827,-1749,-597
68,10634805103375416,25984,-468,316,176562,2364853,5492,7617,-3435,8017,5408,-2544
63,10634805134015088,28434,-1856,128,71152,1007110,8824,1177,4553,9961,502,717
13,10634805144713246,25935,-5656,354,68868,815632,-3988,6343,6621,-2330,9535,1906
71,10634805373338844,27809,-970,818,146165,808715,4481,-4122,-7932,9137,3797,-1440
74,10634805461577007,25014,-1554,510,58457,495187,5442,4907,6804,8887,-2026,-4112
49,10634805476533870,27903,-4442,19,295340,2779171,6035,-4520,-6568,8040,-4703,-3637
67,10634805492435251,26681,-593,177,143916,189877,1080,-1659,-9802,-8942,-3188,-3141
97,10634805635196787,25996,-5583,1612,105051,1249206,9159,-3979,-518,8236,-5670,-69
64,10634805827662436,28528,-1468,-225,81076,441659,-2283,-325,-9730,-7745,-794,-6275
24,10634805853696592,25943,-5402,1148,159995,1108179,-2602,3376,9045,-879,9455,3135
61,10634805971526144,27055,-131,-117,74254,1663807,8265,-3865,-4091,8050,5755,1437
66,10634806194002081,27810,-561,83,180978,908327,-480,-1202,9915,-1663,-4775,8627
16,10634806338096165,27764,-5616,-81,94593,1749995,8162,1015,5687,8044,3337,4913
58,10634806429346196,25290,-4218,402,137037,569254,3003,8368,-4576,9093,-2,-4161
73,10634807119921415,25225,-1682,290,50681,1135433,-4514,-5742,6829,-8537,-4248,3011
40,10634807268907943,27223,-482,1539,154210,1544394,-3653,2153,9056,-5950,4796,6449
65,10634807396833926,28257,-895,441,72532,829488,8791,-4763,-146,8630,-3835,-3285
23,10634807612617634,25337,-4952,663,131342,621781,-7484,6316,2019,-4984,-7114,-4953
100,10634807682441082,26185,-14,903,37241,1274521,-6459,7440,-1705,5497,6798,-4854
88,10634807698488753,27839,-4295,-269,139360,831034,-1708,3194,9320,-4876,-1313,8631
38,10634807708610931,26744,-327,390,12248,694682,4441,6806,-5825,-3011,793,-9502
44,10634807995153703,25744,-1455,203,319920,3265367,1604,-9862,-400,2976,-9479,-1130
105,10634808486180570,25373,-1761,-1612,122380,1254386,2641,-5775,-7724,2778,-2398,-9301
53,10634808489552265,25212,-4616,351,77062,2153315,8503,4450,-2807,8962,-1293,4243
106,10634808490674391,25353,-2713,275,80531,1002053,6387,-3587,-6806,9548,-2961,-242
14,10634808869461738,26226,-5729,-451,114087,110128,-5572,1036,-8238,1114,7729,-6246
28,10634808938009601,27909,-3716,351,153298,2951969,8397,-16,-5430,8661,-3749,-3305
59,10634809054259662,27658,-4110,1214,253553,860254,-3104,-300,9501,-8961,-3489,2741
47,10634809345851244,27485,-5850,139,88680,281151,1606,1755,-9712,4976,8674,8
75,10634809660598395,26241,-1104,-188,72853,1005886,1154,7667,-6314,9290,-2190,-2980
13,10634809715668328,25934,-5654,359,175382,2810722,-5734,5985,5593,-6376,7528,1632
63,10634810024985585,28433,-1856,128,73123,848379,7854,2743,5547,9430,2945,1549
68,10634810026343473,25984,-468,317,160355,1820871,5061,8116,-2916,7607,5853,-2803
49,10634810276501966,27905,-4442,22,288094,2658052,6776,-4659,-5689,8330,-4605,-3064
71,10634810317316869,27808,-969,820,101136,896386,4639,-3378,-8189,3652,9208,1366
67,10634810409422619,26680,-594,176,177639,747301,-705,-1276,-9893,-9063,134,-4222
74,10634810423520522,25015,-1552,508,67874,519197,1927,8539,4834,2822,8455,-4532
24,10634810493674700,25943,-5402,1148,157389,863702,-3649,2444,8983,-4399,8164,3740
64,10634810723633680,28526,-1465,-217,70071,798212,-5798,7375,-3462,-4336,9010,-47
97,10634810744179574,26006,-5583,1634,307639,3752174,9721,-2318,330,9521,-3033,368
61,10634810851488371,27052,-130,-112,35725,1658982,-5567,1481,8173,-2051,8957,3943
16,10634810930068080,27764,-5615,-83,67847,1765753,2983,9281,2224,1343,9395,3148
66,10634811105964520,27808,-561,86,231254,1386441,-2196,-404,9747,-6339,-1238,7634
58,10634811288299481,25289,-4217,407,162503,1598634,-2631,9641,-339,-8152,5693,1056
40,10634812012928627,27217,-480,1556,362978,3787808,-4562,3225,8293,-6496,6005,4662
73,10634812074884283,25221,-1684,285,214545,4482357,-7523,-6074,-2549,-8296,-5550,-597
23,10634812247581192,25337,-4952,659,142063,1029376,-8143,5778,-536,-7430,-4402,-5039
65,10634812300851607,28257,-894,444,58378,532766,9431,-2120,2560,9237,1690,-3437
38,10634812439575420,26745,-329,389,42827,1277725,-5041,-5609,-6566,-6648,-4348,-6073
88,10634812749434341,27839,-4294,-271,124487,612936,-719,4983,8639,-2281,2586,9386
44,10634812763121125,25743,-1455,204,250322,1641098,-594,-9978,-265,-6735,-7093,-2075
100,10634812810459172,26184,-14,905,22307,1152276,-6689,5767,4689,7837,4375,-4407
53,10634813316528070,25207,-4615,353,93106,1426047,-8324,5523,-452,-7003,-3514,6213
14,10634813445417109,26224,-5729,-455,132297,422165,-5735,1911,-7965,-3726,8789,-2976
28,10634813604985489,27907,-3717,352,111102,2093393,6368,-2196,-7390,5638,-6864,-4591
105,10634813646207081,25372,-1764,-1599,119200,2030206,-4267,-5925,-6831,-8265,-1612,-5392
106,10634813658649533,25351,-2713,274,64749,151865,1732,-1776,-9687,1984,7905,-5793
59,10634813918231030,27658,-4109,1214,220917,914744,-3967,983,9126,-9671,2538,152
47,10634814134843524,27485,-5850,138,81392,283255,2213,1352,-9657,9058,3576,2271
13,10634814286623128,25934,-5654,358,161353,2059039,-6065,4829,6315,-7332,6383,2343
57,10634814549079037,25078,-4052,54,270973,1271843,4689,-1382,-8723,7705,-5726,-2799
75,10634814628623186,26239,-1105,-191,48653,882149,424,8241,-5647,8309,-5300,-1691
63,10634814915956291,28434,-1855,128,86190,1021303,7909,2854,5411,9328,3183,1686
68,10634814949311471,25983,-467,318,170549,1702487,2608,9466,-1890,2846,9249,-2519
49,10634815076470930,27906,-4443,17,360487,3274068,6671,-4083,-6230,8595,-3655,-3572
24,10634815133653450,25943,-5402,1153,179734,1283828,-3886,3478,8532,-4727,8303,2950
71,10634815261294564,27808,-969,820,97297,666369,4182,-4099,-8105,2634,9408,2132
67,10634815326410375,26681,-594,175,152799,488083,192,-464,-9987,-6902,6752,-2598
74,10634815385464947,25016,-1552,512,94013,509490,3015,5836,7539,7365,6763,-41
16,10634815522040312,27765,-5615,-78,78342,1494275,-811,6296,7726,-2918,7606,5798
64,10634815619604648,28526,-1466,-220,59696,569303,-6798,5629,-4699,-7201,6932,-275
61,10634815731450386,27051,-129,-110,53286,2038802,-4099,5779,7056,-1549,9291,3356
97,10634815853162966,25998,-5581,1629,183477,1935323,9673,-2529,-154,9381,-3460,95
66,10634816017926596,27807,-561,86,237466,1402693,-2350,-481,9707,-6345,-1353,7609
58,10634816147253299,25290,-4217,405,131046,337945,1484,8662,-4770,4909,-4567,-7418
40,10634816756949284,27219,-482,1552,250255,2030168,-4418,1462,8850,-7085,2705,6517
23,10634816882544327,25339,-4952,655,100161,954187,-6370,6993,-3240,3606,-6606,-6583
73,10634817029847651,25221,-1685,288,191432,3671926,-7348,-6743,-730,-7856,-6186,39
38,10634817170539937,26745,-329,388,41683,1098673,-4157,-4007,-8164,-6201,-3260,-7135
65,10634817204868420,28257,-895,443,93689,1206017,6181,-7782,-1100,3749,-8882,-2655
44,10634817531088436,25743,-1457,205,296912,2189949,-680,-9968,397,-4054,-9106,-792
88,10634817800379376,27836,-4294,-274,150488,829629,-1521,3771,9135,-3865,1194,9144
100,10634817938477650,26184,-14,906,71231,1295523,-4013,-9104,1004,3728,-8323,-4100
14,10634818021372984,26225,-5729,-457,105857,686396,-2987,-583,-9525,8693,-4814,-1112
53,10634818143504616,25210,-4616,350,48777,1703835,-9899,-518,-1314,-3243,-7921,5169
28,10634818271960780,27907,-3718,354,87897,1879134,5175,-5486,-6566,2923,-8571,-4239
59,10634818782202558,27656,-4108,1213,201075,1459501,-6169,117,7869,-9889,429,-1419
105,10634818806233441,25370,-1766,-1591,185198,3781166,-7551,-3155,-5745,-9434,-386,-3291
106,10634818826625540,25351,-2713,271,81198,567446,2209,1311,-9664,2290,9152,-3314
13,10634818857578550,25935,-5651,350,217607,3987217,-3962,9168,-490,-3833,9212,-660
47,10634818923836032,27484,-5850,138,46704,455308,-1707,-402,-9844,-6379,-3471,6873
57,10634819402046415,25077,-4051,44,289654,936714,3581,-673,-9312,6817,-4888,-5443
75,10634819596648386,26239,-1107,-194,45902,726117,389,9244,-3793,8737,-4785,-870
24,10634819773631592,25943,-5403,1161,202190,1463193,-5499,1415,8231,-9130,2633,3115
63,10634819806927391,28433,-1855,129,56327,239494,4040,3602,8407,-5090,3985,7628
68,10634819872280265,25983,-467,316,132071,875889,737,9969,-237,-2938,9167,-2707
49,10634819876440840,27905,-4442,19,310825,2451005,6130,-3820,-6915,8461,-3071,-4355
16,10634820114012684,27766,-5614,-77,121645,2151851,-1289,7259,6756,-2818,8427,4587
71,10634820205272165,27806,-965,825,131070,4262640,-2118,9761,-467,-2688,9501,1581
67,10634820243397752,26680,-593,171,165664,939520,-819,598,-9948,-6802,7031,-2069
74,10634820347408826,25012,-1552,513,131534,1405919,-8076,3551,4707,-9849,1606,-641
64,10634820515575687,28526,-1467,-222,67530,566168,-3795,5839,-7176,-2541,9477,-1927
61,10634820611412866,27051,-130,-109,41470,1514670,-8835,3467,3148,-3920,8662,3096
66,10634820929889614,27806,-560,87,233582,1679126,-3363,998,9364,-7620,3230,5611
97,10634820962147452,25992,-5578,1623,101565,759230,9744,-1782,-1367,9546,-2820,-950
58,10634821006206444,25289,-4216,410,131574,789571,-1681,9612,-2185,-9790,2012,-303
40,10634821500970284,27218,-481,1555,287032,2152575,-4017,1906,8957,-6122,3925,6863
23,10634821517506876,25338,-4952,654,121533,962717,-6878,5828,-4325,-1535,-6011,-7842
38,10634821901505039,26745,-332,389,155429,3162356,-3483,-9125,-2143,-4292,-8704,-2408
73,10634821984810339,25221,-1685,291,157882,2561242,-6517,-7226,2300,-7036,-6968,1389
65,10634822108885683,28256,-895,442,47488,478200,5284,-7984,-2885,-2892,-6621,-6912
62,10634822143187672,26436,-309,440,133440,1223674,2163,186,-9761,4706,-6246,-6231
44,10634822299055337,25743,-1456,206,249839,1426838,-1009,-9887,1106,-7921,-6092,-357
14,10634822597328209,26225,-5730,-456,88008,1111172,-582,-1711,-9835,8936,-4486,130
88,10634822851325580,27832,-4293,-276,186009,1193121,-2200,4328,8741,-4580,4564,7627
28,10634822938935996,27912,-3719,343,317364,4960185,6866,-4285,-5872,7495,-5784,-3218
53,10634822970481163,25212,-4616,344,80957,1101130,3362,4081,-8487,8492,-2480,4661
100,10634823066495552,26183,-10,908,22191,1210410,-4479,8847,1290,7219,5277,-4474
13,10634823428533770,25937,-5653,348,130446,1678260,-2602,9200,-2929,-1334,9605,-2439
59,10634823646173689,27657,-4104,1226,235412,549579,-3263,1411,9346,-8797,4663,924
47,10634823712829228,27484,-5850,137,66327,214295,1100,-81,-9938,3579,-5914,7225
105,10634823966259602,25370,-1769,-1586,163117,2711744,-6691,-2425,-7024,-8806,932,-4645
106,10634823994600841,25348,-2714,280,114130,2296127,-9316,-2633,2501,-9661,-707,2480
57,10634824255013546,25077,-4051,40,277560,685837,3075,-385,-9507,5943,-4450,-6698
24,10634824413609578,25944,-5400,1159,160604,696737,-4951,1511,8555,-8307,4159,3699
75,10634824564673064,26238,-1108,-196,40734,496608,-3332,8294,-4482,5104,-8534,-1046
49,10634824676408686,27908,-4444,20,343912,2813090,6852,-4310,-5870,8431,-4116,-3458
63,10634824697897317,28436,-1855,132,142034,1817733,8196,1340,5569,9718,1048,2109
16,10634824705985849,27766,-5614,-79,126177,2126765,-2605,7059,6585,-4271,7755,4648
68,10634824795247629,25984,-467,315,112448,603261,4016,8384,-3683,6430,-34,-7657
52,10634825010935991,27356,-5786,236,49908,1172836,-3090,6297,7126,-7236,6901,-76
71,10634825149249935,27806,-965,825,129962,3861619,-3033,9492,833,-3331,9219,1974
67,10634825160385117,26680,-594,178,74610,1205132,-4320,-2540,-8653,-8950,-294,4450
74,10634825309352480,25011,-1553,511,136380,1423491,-8482,1388,5111,-9775,-2099,-182
64,10634825411546785,28527,-1468,-222,42852,443249,-4760,7633,-4366,318,9894,1412
61,10634825491374857,27051,-129,-108,28295,1559338,-1002,9609,2581,1300,9586,2530
66,10634825841851231,27807,-560,85,236179,1569352,-3350,827,9385,-7528,2628,6034
58,10634825865159790,25289,-4216,408,113527,688944,-901,8659,-4919,-6125,-7206,-3247
97,10634826071131218,25987,-5581,1639,116636,899797,9831,-1434,-1129,9775,-1981,-713
23,10634826152470919,25338,-4951,654,124422,754858,-5852,6947,-4181,1622,-2453,-9557
40,10634826244991139,27220,-483,1554,229447,1344855,-3126,701,9472,-3708,326,9281
38,10634826632469959,26745,-333,387,169608,3161052,-3786,-9025,-2052,-4524,-8606,-2337
73,10634826939773083,25220,-1685,288,157946,2334956,-7386,-6472,1881,-8255,-5488,1312
65,10634827012903689,28257,-894,446,39857,345880,5881,-7883,1807,-5468,-5871,-5967
62,10634827028155412,26437,-309,439,163217,2078802,4256,-1400,-8939,6704,-6229,-4029
44,10634827067022549,25742,-1457,208,278670,1549636,-383,-9906,1307,-3270,-9448,151
14,10634827173283486,26223,-5730,-456,102850,846230,-6963,-2451,-6745,-3540,-9155,1910
28,10634827605911514,27913,-3719,342,318522,4660600,6883,-4645,-5571,7292,-6053,-3190
53,10634827797457158,25212,-4616,345,46841,925254,178,4795,-8773,3701,-6055,7044
88,10634827902272424,27831,-4293,-275,186700,1299574,-3395,4496,8261,-6264,4402,6431
13,10634827999488596,25936,-5653,347,160257,2105958,-4945,7515,-4365,-6458,6978,-3096
100,10634828194513311,26180,-10,914,70594,615228,-9218,1196,3685,-3978,5171,-7577
47,10634828501820740,27481,-5850,141,96640,2289650,-8653,2679,4236,-8764,2494,4117
59,10634828510145421,27657,-4106,1222,195948,403701,-3605,919,9282,-8862,3547,-2978
24,10634829053588236,25945,-5397,1168,179461,532054,-3594,1458,9216,-4532,4280,7818
57,10634829107979967,25086,-4053,36,428198,3950138,7739,-391,-6320,9968,249,-756
105,10634829126285926,25370,-1772,-1571,113721,2049087,-8512,-1949,-4871,-8529,2911,-4332
106,10634829162576435,25348,-2715,281,78238,1180267,-6596,-5925,4622,-7253,-4569,5148
16,10634829297957177,27768,-5614,-77,132866,1979294,656,7398,6695,-5,8682,4961
49,10634829476377561,27908,-4443,27,271496,1898303,6919,-4499,-5645,8348,-4260,-3486
75,10634829532698106,26238,-1108,-198,48010,807939,1390,7078,-6925,8440,-5047,-1810
63,10634829588867930,28434,-1857,130,119226,1598416,6518,-4668,5976,4579,-8606,2227
68,10634829718215787,25985,-469,314,82554,1239817,5204,4901,-6992,1480,-8792,-4527
52,10634829831909592,27357,-5786,243,52211,1269143,-7965,1284,5908,-9868,1567,-396
67,10634830077372435,26680,-594,175,120649,1847465,-6156,-1416,-7751,-9845,214,1735
71,10634830093227879,27805,-962,826,243894,5756069,-2199,9668,1297,-2443,9567,1580
74,10634830271296608,25011,-1553,512,142592,1381003,-8407,1299,5255,-9798,-1999,43
64,10634830307518378,28528,-1468,-226,79963,625696,-5124,3043,-8029,-9090,2850,-3038
61,10634830371337102,27050,-129,-101,117825,1713417,-5553,54,8316,-7293,3078,6109
58,10634830724113760,25290,-4216,410,100657,1459069,-2834,6607,-6950,-5524,-8012,-2298
66,10634830753813983,27807,-560,82,213141,1617934,-4225,420,9053,-8927,491,4479
23,10634830787432934,25337,-4951,651,156437,1494594,-6526,3631,-6649,-4344,-5557,-7087
40,10634830989012203,27217,-483,1569,346944,1952893,-2758,1207,9535,-3119,2763,9090
97,10634831180115081,25983,-5583,1652,81310,388302,9764,-1654,-1383,9693,-1819,-1652
38,10634831363434266,26748,-334,381,177986,2632961,-2462,-7674,-5919,-4235,-8018,-4215
14,10634831749239645,26220,-5728,-457,142094,1423928,-8757,3030,-3758,-8111,5522,1926
44,10634831834989659,25742,-1459,209,296682,1762024,77,-9916,1284,-368,-9990,222
73,10634831894736330,25221,-1685,289,140274,1701805,-5172,-8145,2626,-4162,-8868,2007
62,10634831913123464,26437,-310,441,156208,2115078,5133,-1855,-8378,7254,-6008,-3357
65,10634831916920740,28257,-895,444,61450,911993,1608,-9788,-1266,-4808,-8226,-3032
28,10634832272886865,27914,-3718,339,330542,4511746,6961,-4517,-5579,7361,-5934,-3254
13,10634832570443750,25937,-5654,351,84991,611313,-2149,8502,-4804,5752,4835,-6597
53,10634832624433726,25215,-4616,339,105866,1801684,5723,5930,-5662,9104,2680,3150
88,10634832953218447,27829,-4293,-279,127849,567185,-2919,5011,8146,-3800,1318,9155
47,10634833290813456,27481,-5851,139,45579,1110412,-7600,-4158,4993,-4432,-5324,7210
100,10634833322531852,26181,-11,915,37187,792150,-6261,-4645,6262,7989,-2353,-5534
59,10634833374116811,27655,-4098,1238,330053,1690391,-3394,3760,8621,-6105,7725,1742
24,10634833693567018,25947,-5396,1175,188794,731004,-2065,-267,9780,4135,-5578,7195
16,10634833889929508,27770,-5617,-83,57748,966609,7668,5298,3622,8101,2949,5065
57,10634833960947321,25089,-4053,31,465910,3949565,7690,-455,-6375,9943,63,-1064
49,10634834276346339,27909,-4443,26,280309,1898303,6973,-4496,-5581,8348,-4260,-3486
105,10634834286313031,25370,-1772,-1571,116895,1879195,-8207,-1472,-5520,-8043,3411,-4864
106,10634834330551892,25349,-2716,281,107161,1674864,-102,-9140,4055,2047,-8994,3861
63,10634834479838713,28436,-1858,130,178350,2542673,7012,-5428,4621,6008,-7814,1682
75,10634834500723158,26238,-1111,-196,89687,3066328,6103,-7747,1649,5849,-8093,529
68,10634834641183901,25986,-467,310,143300,1014806,4776,5750,-6642,6565,-1335,-7423
52,10634834652883667,27358,-5785,241,41686,966383,-7413,-205,6707,-9974,306,-646
67,10634834994359514,26682,-597,175,93805,924769,3069,-5173,-7987,5521,-6941,4617
71,10634835037205208,27807,-963,823,112742,2429477,1597,9870,-154,496,9672,2488
64,10634835203489517,28531,-1470,-228,127317,610505,1546,-1628,-9744,3491,-4974,-7941
74,10634835233240054,25015,-1554,510,117080,795687,-6554,1289,7441,-9042,-4063,1309
61,10634835251299149,27049,-129,-101,114515,1545998,-5912,-543,8046,-7531,2004,6265
23,10634835422397102,25337,-4952,649,149829,1458585,-6045,3088,-7342,-2549,-6450,-7203
58,10634835583066664,25290,-4216,409,100443,1434603,2545,5536,-7929,3545,-8942,-2732
66,10634835665776342,27810,-561,75,125560,1181054,30,-3809,9245,3500,-9161,1951
40,10634835733033041,27217,-483,1571,344403,1794917,-1704,458,9843,890,-42,9960
38,10634836094399114,26752,-334,384,165096,2403527,4420,-7225,-5315,6144,-6886,-3850
97,10634836289098469,25981,-5582,1663,141424,1189305,9991,-398,130,9984,-463,300
14,10634836325195359,26220,-5729,-457,100913,1078286,-9827,-1030,-1535,-6586,-5488,5147
44,10634836602956926,25741,-1460,210,317854,1991200,-679,-9894,1280,-2957,-9549,240
62,10634836798091305,26438,-309,438,170617,1746164,4831,-668,-8729,7621,-4572,-4583
65,10634836820938024,28257,-897,440,80899,999867,1927,-9070,-3742,-2724,-8790,-3912
73,10634836849698898,25220,-1686,287,114361,966096,-6007,-7873,1386,-6022,-7759,1876
28,10634836939861743,27914,-3723,340,348325,4457566,5753,-6506,-4956,5185,-7950,-3145
13,10634837141399106,25937,-5653,354,103811,987102,-2055,9713,-1192,3363,9182,-2092
53,10634837451411604,25214,-4615,342,91134,1483803,5252,7211,-4517,8531,2811,4393
88,10634838004164957,27829,-4294,-270,174258,868884,-1985,2691,9424,-2581,-2003,9450
47,10634838079805685,27480,-5850,139,90754,1930963,-9357,1475,3203,-8967,1518,4156
59,10634838238088488,27656,-4101,1238,274144,1236123,-4157,2786,8657,-8151,5763,585
24,10634838333545457,25945,-5395,1172,162918,661413,-5067,10,8620,-8989,-2641,3493
100,10634838450551048,26181,-11,913,36003,772357,-5680,-4478,6904,8313,-1843,-5243
16,10634838481901818,27772,-5616,-79,75659,922089,318,5737,8184,-2514,4890,8352
57,10634838813914036,25089,-4055,34,440448,4000823,8328,-1321,-5374,9905,-1350,-241
49,10634839076315224,27911,-4444,21,401509,3034084,6663,-3382,-6645,8714,-2125,-4420
63,10634839370809457,28433,-1857,126,49411,954011,3522,-7313,5840,-6186,-7844,442
105,10634839446338083,25370,-1774,-1569,159013,2528404,-8436,-1567,-5135,-9031,1717,-3934
75,10634839468747411,26238,-1111,-196,77646,2490654,5504,-8335,-469,5380,-8428,150
52,10634839473857859,27357,-5784,240,43678,936727,-7695,1104,6289,-9857,1555,-639
106,10634839498527537,25347,-2715,283,104116,1351226,-5976,-4406,6697,-7682,-2435,5919
68,10634839564152854,25985,-466,313,109056,663609,4058,6829,-6073,2412,-4549,-8572
67,10634839911346856,26679,-597,175,106526,2170175,-7868,886,-6107,-9071,3499,2336
71,10634839981184292,27807,-962,823,126649,2556439,-1099,9892,966,-2163,9384,2693
23,10634840057360163,25335,-4949,655,198879,1404105,-6830,7170,-1389,-6069,7113,-3544
64,10634840099460411,28526,-1468,-217,70516,769767,-6797,-213,-7331,-9305,-3085,-1968
61,10634840131261926,27049,-128,-98,159374,2313821,-4046,3401,8488,-4068,7421,5326
74,10634840195184633,25012,-1553,515,199065,1542551,-7355,1048,6692,-9681,-1040,2277
58,10634840442020796,25289,-4215,409,136495,1814330,-4875,5731,-6586,-8876,-3804,-2595
40,10634840477053868,27215,-482,1575,341805,2127556,-3186,2096,9243,-4335,5129,7408
66,10634840577739411,27810,-561,76,137326,1052986,-540,-3487,9356,2220,-9309,2898
38,10634840825363759,26749,-335,386,145105,1965120,-2332,-8605,-4529,-4437,-7916,-4200
14,10634840901151259,26217,-5728,-464,145483,1413531,-8271,3819,-4122,-6097,7748,1668
44,10634841370924214,25741,-1460,213,287765,1408109,-1167,-9656,2321,-7062,-6878,1675
97,10634841398082357,25973,-5586,1663,35879,969356,5595,7626,-3244,-6734,7317,-1048
28,10634841606836826,27915,-3723,339,347337,4097700,5754,-6126,-5418,5202,-7780,-3521
62,10634841683059250,26436,-309,441,127899,712195,1684,262,-9853,-1458,-3688,-9179
13,10634841712354939,25937,-5653,351,98041,699106,-2195,9244,-3118,3435,8231,-4522
65,10634841724954866,28258,-896,453,154075,1517127,-754,-3973,9145,-6693,-5913,4497
73,10634841804661616,25219,-1685,288,135459,1552023,-8235,-5328,1943,-9789,-1267,1596
53,10634842278386617,25215,-4614,343,183893,3879320,7364,6703,-904,8601,4625,2150
47,10634842868798180,27479,-5849,139,96750,1866467,-7285,5657,3862,-6705,5921,4469
24,10634842973525451,25945,-5396,1173,169383,436473,-4083,1090,9063,-6488,3271,6870
88,10634843055111213,27829,-4294,-269,178167,868884,-2005,2582,9450,-2581,-2003,9450
16,10634843073874728,27772,-5616,-77,84218,1014800,823,6685,7390,-1056,6820,7236
59,10634843102059811,27658,-4099,1242,266220,720972,-2905,2975,9094,-3750,9196,1164
100,10634843578568813,26182,-11,911,28785,825988,-5074,-8039,3101,7551,-3213,-5714
57,10634843666881137,25093,-4055,28,456875,3670112,8141,-1149,-5691,9907,-1235,-562
49,10634843876284220,27915,-4448,18,511807,3999076,6454,-3979,-6519,8126,-3934,-4298
63,10634844261779918,28435,-1856,129,126117,1134403,6263,-3351,7037,6111,-6812,4029
52,10634844294829718,27357,-5785,241,56879,1187398,-8910,-2796,3574,-9632,-2569,-776
75,10634844436773454,26240,-1112,-201,196409,4641089,7827,-5350,-3177,7846,-6150,-776
68,10634844487120180,25986,-466,313,162534,1945783,7410,3933,-5442,9176,-2106,-3369
105,10634844606365272,25370,-1774,-1570,128328,1573415,-7545,-1228,-6446,-6879,3856,-6148
106,10634844666502823,25349,-2717,283,112410,2128669,4858,-8120,3233,7465,-6170,2487
23,10634844692324075,25336,-4949,651,168426,899323,-5766,7286,-3695,-1732,6365,-7515
67,10634844828334580,26680,-597,174,92151,1522008,-6180,1998,-7603,-7725,5640,2914
71,10634844925160909,27810,-966,824,163435,3057133,9340,-1432,3272,9214,-2566,2916
64,10634844995431941,28532,-1471,-224,149385,939227,3095,-2483,-9178,6915,-4278,-5819
61,10634845011223625,27050,-129,-104,55533,1424072,6144,-3565,7037,9347,-819,3457
74,10634845157128276,25015,-1554,512,110535,1173405,-7125,-2094,6696,-5430,-8397,30
40,10634845221074693,27219,-484,1572,233604,2012121,989,-607,9932,7500,-3350,5702
58,10634845300974466,25289,-4215,408,103313,1374841,-1196,4542,-8827,-1572,-9312,-3286
14,10634845477106735,26218,-5728,-461,75747,929725,-8125,5821,295,2037,6885,6959
66,10634845489701039,27813,-562,73,161095,3234049,7726,-4552,4423,9253,-3788,-112
38,10634845556328308,26756,-336,376,255173,3460745,5647,-5399,-6240,7940,-4906,-3587
44,10634846138891055,25741,-1462,215,313798,1646428,210,-9552,2950,1759,-9470,2687
28,10634846273812781,27916,-3719,334,329651,3374859,6398,-3844,-6654,6838,-5737,-4507
13,10634846283309327,25937,-5653,355,56231,1204761,1641,9264,3387,9647,-2604,376
97,10634846507066141,25972,-5590,1655,49951,1073097,4492,8565,-2540,-5461,8321,-959
62,10634846568027091,26436,-309,444,123208,1020868,2361,-2011,-9506,1418,-8076,-5723
65,10634846628972126,28259,-896,455,164998,952248,1768,-3119,9334,-2171,-6096,7623
73,10634846759624693,25219,-1686,285,114777,740690,-6862,-7272,-151,-7693,-6357,628
53,10634847105363057,25212,-4613,346,169018,2842557,4609,8838,796,6729,6571,3394
24,10634847613502966,25945,-5394,1181,193440,879713,-4827,-32,8757,-8544,-2662,4460
47,10634847657791052,27479,-5849,140,109464,1965884,-8091,4624,3625,-7772,4745,4132
16,10634847665846042,27772,-5617,-79,58335,661772,627,4796,8751,-2401,714,9681
59,10634847966031205,27658,-4100,1239,199057,536688,-3406,2840,8962,-1947,8859,-4209
88,10634848106057469,27829,-4293,-268,182097,868884,-2024,2478,9473,-2581,-2003,9450
57,10634848519847901,25094,-4055,25,466194,3573597,8157,-325,-5774,9967,397,-699
49,10634848676252789,27913,-4444,24,376497,2323986,6091,-3284,-7218,8094,-1823,-5581
100,10634848706586569,26182,-11,910,24747,801241,-4990,-8664,-113,7239,-2667,-6361
52,10634849115803713,27358,-5782,245,93313,1755596,-7402,6124,2773,-7460,6640,-504
63,10634849152750592,28433,-1857,126,59940,918739,3616,-6873,6298,-6126,-7840,995
23,10634849327286948,25336,-4950,654,114076,648526,-6076,7295,-3140,6321,-2285,-7403
75,10634849404797715,26240,-1112,-197,169144,3648885,8639,-4718,-1757,8253,-5633,-386
68,10634849410088332,25987,-465,309,141333,1302251,6374,3604,-6809,6587,-5309,-5330
67,10634849745321580,26680,-600,174,140828,1989570,-5177,-5918,-6177,-6729,-7245,1490
105,10634849766390646,25369,-1778,-1565,186415,2183518,-7009,-3559,-6179,-8368,-1377,-5298
106,10634849834478800,25348,-2716,288,81275,846242,1049,-6569,7465,4322,-4649,7727
71,10634849869139188,27809,-964,829,180271,2409502,6540,2113,7263,7566,2853,5882
61,10634849891185691,27049,-129,-101,56979,928253,2203,-2474,9435,7836,58,6212
64,10634849891403261,28531,-1470,-225,140083,690570,2229,-1282,-9663,6032,-2213,-7662
40,10634849965095505,27218,-483,1571,205759,996261,-2465,1776,9527,-2704,3842,8827
14,10634850053061998,26218,-5727,-462,85988,971176,-8035,5944,322,405,7533,6563
74,10634850119071924,25014,-1554,512,124646,1190795,-7125,-2123,6687,-5939,-8028,510
58,10634850159927812,25288,-4215,410,114019,2185833,-7049,3403,-6222,-7837,-6054,-1384
38,10634850287293100,26756,-335,377,220294,2514953,4957,-5976,-6300,6966,-5665,-4400
66,10634850401663358,27810,-560,77,157120,761601,853,-766,9933,7347,1370,6643
13,10634850854264463,25937,-5653,354,52692,615228,-3057,8416,4451,7029,-7043,993
44,10634850906858458,25740,-1461,215,227860,2491110,-3186,-8963,3083,-9238,3735,830
28,10634850940787949,27914,-3725,340,297085,3290648,3507,-7535,-5559,-231,-9282,-3711
62,10634851452995086,26437,-309,444,119441,1073990,1866,-2882,-9391,-43,-8670,-4982
65,10634851532990322,28259,-897,456,166213,907047,1544,-3039,9401,-2635,-5516,7913
97,10634851616049415,25967,-5594,1678,13088,651997,5047,-3537,-7874,-9738,1856,-1306
73,10634851714587417,25218,-1686,288,130553,1326773,-8576,-4774,1908,-9834,696,1675
53,10634851932339358,25215,-4615,341,180107,3113627,8373,5249,-1523,9320,2820,2275
24,10634852253481343,25946,-5395,1182,191197,1210388,-5131,-2107,8320,-6219,-7355,2685
16,10634852257819116,27775,-5615,-76,108393,1311603,398,7148,6980,-1227,7927,5970
47,10634852446783266,27479,-5850,140,52823,1502079,-4864,-6836,5440,2670,-8323,4856
59,10634852830002407,27659,-4098,1246,201099,1203637,-4,1895,9818,9926,322,-1166
88,10634853157003725,27829,-4293,-267,186048,868884,-2042,2378,9495,-2581,-2003,9450
57,10634853372815385,25089,-4060,34,275394,1808396,6777,-4273,-5983,2632,-9609,853
49,10634853476221372,27914,-4445,25,367985,2115024,6094,-3336,-7192,7920,-1963,-5779
100,10634853834604550,26181,-10,910,77088,1230659,-4673,-8494,-2448,-213,-8589,-5116
52,10634853936776688,27360,-5781,248,43199,712331,1279,8216,5554,431,9797,-1957
23,10634853962251001,25336,-4949,653,111542,705578,-5815,7068,-4025,5960,-3237,-7347
63,10634854043721189,28434,-1857,127,88635,749708,6711,-5160,5322,4683,-8610,1980
68,10634854333055682,25988,-465,308,145356,1504892,7113,2744,-6470,7133,-5522,-4315
75,10634854372823078,26240,-1114,-199,175813,3431546,8634,-4877,-1286,8235,-5667,-227
14,10634854629018380,26218,-5730,-469,69114,2056631,-1847,-8001,-5705,5290,-8277,1868
67,10634854662309247,26680,-603,173,158063,1920579,-2744,-6939,-6656,-2703,-9598,753
40,10634854709116564,27218,-483,1573,182627,770103,-1667,1158,9791,1191,260,9925
61,10634854771148232,27048,-129,-104,63283,1143782,-9660,2565,-310,-7529,6451,1296
64,10634854787374157,28528,-1468,-215,55252,128424,-1374,-290,-9900,-51,-1725,-9849
71,10634854813116774,27810,-963,825,133718,1841962,8334,3160,4533,8276,2869,4822
105,10634854926416955,25370,-1779,-1557,169316,1872329,-6682,68,-7439,-6052,4770,-6372
106,10634855002454169,25348,-2718,289,111993,1509737,2891,-7697,5691,6053,-6688,4314
38,10634855018257694,26757,-336,369,257118,2278743,4324,-4791,-7638,6289,-4790,-6122
58,10634855018881931,25288,-4214,410,96581,1719757,-5580,2980,-7744,-5408,-8206,-1843
74,10634855081016014,25016,-1553,509,98173,726946,-8322,403,5529,-8802,-4513,-1465
66,10634855313625690,27810,-561,75,153088,507282,-94,-1469,9890,2214,-3607,9059
13,10634855425219783,25938,-5652,354,72093,395555,-1964,9672,1606,9206,3870,-518
28,10634855607762957,27914,-3728,348,232290,2347602,3688,-8827,-2909,-1312,-9612,-2425
44,10634855674825859,25741,-1461,215,233267,1302725,-1922,-9385,2867,-9512,2733,1429
62,10634856337962702,26436,-307,443,144812,1813654,-1191,4517,-8841,-5969,7224,-3489
65,10634856437006876,28261,-897,458,179393,804677,2736,-1288,9531,2444,967,9648
73,10634856669549984,25218,-1686,292,97134,634380,-6405,-4307,6357,-1163,6826,7213
97,10634856725033062,25962,-5595,1700,24789,732868,-2823,-9590,-223,-9720,-2314,-400
53,10634856759315805,25214,-4614,341,148401,1938456,6073,7937,323,7298,5093,4559
16,10634856849790665,27777,-5616,-78,91598,1202969,7049,3516,6159,8517,804,5177
24,10634856893459390,25945,-5395,1180,178293,954664,-5192,-2009,8306,-6006,-7575,2554
47,10634857235775467,27480,-5850,140,49396,1890878,2979,-6242,7221,7053,-5829,4033
59,10634857693974012,27658,-4096,1249,209561,915007,-1445,4009,9046,5293,8142,-2384
88,10634858207949981,27829,-4293,-266,190019,868884,-2059,2282,9515,-2581,-2003,9450
57,10634858225782467,25089,-4062,30,275726,1508943,6475,-3941,-6521,2283,-9724,460
49,10634858276190348,27919,-4443,26,407555,3110690,7362,-1186,-6661,8439,3403,-4145
23,10634858597213975,25336,-4951,656,66187,1477026,-9587,2043,-1973,2460,-9460,-2109
52,10634858757750086,27357,-5779,245,58568,947026,-6277,6601,-4124,-5478,7261,-4154
63,10634858934691608,28434,-1858,126,81305,807722,6267,-6998,3425,1464,-9891,109
100,10634858962622574,26181,-10,910,68794,943889,-5275,-8450,872,931,-8702,-4837
14,10634859204973832,26217,-5730,-469,39527,1637759,-3214,-9266,-1948,6051,-7076,3647
68,10634859256024489,25985,-460,300,339779,4992026,-2994,6752,-6740,-7763,5445,-3174
75,10634859340847929,26240,-1114,-200,144359,2342239,8936,-3947,-2136,8692,-4918,-507
40,10634859453136952,27217,-483,1576,198657,819418,-1966,1229,9727,-814,1023,9914
67,10634859579296665,26680,-603,172,112801,845561,-4687,-4492,-7605,-8666,-3603,3449
61,10634859651110498,27048,-129,-103,31678,333635,-6732,-6789,2927,1494,-7183,6794
64,10634859683345245,28528,-1468,-210,55018,492358,95,4165,-9090,5142,8268,-2278
38,10634859749223133,26756,-336,379,185434,1797728,5493,-5909,-5907,7579,-4281,-4922
71,10634859757094387,27809,-963,831,167134,1680376,3090,3029,9014,661,4686,8809
58,10634859877835187,25288,-4212,411,158468,2221717,-7046,4331,-5620,-9590,-2079,-1923
13,10634859996174274,25938,-5654,354,47482,2096217,-6865,-7129,-1428,-640,-9942,-853
74,10634860042959974,25016,-1552,511,117221,829219,-8293,2726,4877,-9617,2490,-1140
105,10634860086443111,25370,-1783,-1552,194006,1588706,-4727,-1398,-8700,-3438,2503,-9050
106,10634860170429647,25346,-2716,288,43848,1060104,-6439,-2381,7270,-6727,6502,3528
66,10634860225587956,27811,-560,70,109499,439206,-1625,-1177,9796,-9348,-872,3441
28,10634860274739149,27914,-3728,352,150784,1273089,3846,-9151,-1204,-5207,-8380,-1629
44,10634860442792947,25739,-1463,219,270250,2301966,-3532,-8526,3849,-9739,1131,1964
62,10634861222930684,26433,-308,447,146377,3176791,-8549,1381,-4999,-9864,1375,-898
65,10634861341023934,28259,-897,452,112772,1419093,-1749,2543,9511,-6005,7528,2693
16,10634861441762837,27777,-5614,-77,98164,1359738,-83,9328,3601,-1941,9251,3263
24,10634861533437785,25943,-5394,1186,308006,3372662,-7315,-2202,6451,-9132,-3699,1708
53,10634861586292055,25214,-4614,338,133145,1269409,6229,7671,-1527,7249,4185,5469
73,10634861624513244,25218,-1686,290,89119,916603,-5148,-2968,8042,3034,7632,5703
97,10634861834016648,25955,-5597,1717,50693,1119582,-7520,-6543,786,-9781,-2071,-153
47,10634862024768186,27477,-5848,141,95117,1530934,-8372,2373,4925,-8142,2690,5144
59,10634862557945370,27657,-4096,1250,173511,535960,-3051,3159,8983,272,7029,-7107
49,10634863076159564,27917,-4442,26,375588,2917262,7068,-187,-7070,7295,5459,-4119
57,10634863078749328,25087,-4062,36,200435,963413,7789,-3398,-5269,4145,-7918,4483
23,10634863232177869,25334,-4952,660,94770,1532003,-9381,122,3459,-177,-9996,-174
88,10634863258896000,27828,-4293,-267,172706,714895,-1759,2610,9491,-498,-1965,9792
52,10634863578723656,27359,-5777,255,115415,1826219,-7815,5415,3098,-8556,5169,-237
14,10634863780929693,26215,-5730,-477,91017,500087,-5368,-1106,-8363,7805,-5714,2532
63,10634863825662309,28434,-1856,125,56469,699769,9592,367,2800,5411,8285,-1436
100,10634864090640691,26179,-6,908,109583,1593985,-7045,3815,-5983,-5669,5991,-5652
68,10634864178992642,25985,-460,301,293432,3459784,-2175,6702,-7095,-7397,5428,-3976
40,10634864197158386,27223,-482,1553,72027,1003179,3704,7405,-5606,5605,7312,-3885
75,10634864308873316,26240,-1114,-201,172758,2790577,8269,-5552,-884,7695,-6385,-16
38,10634864480187237,26757,-337,376,154696,1003068,4388,-4647,-7690,4021,730,-9126
67,10634864496284022,26679,-604,172,112199,1823275,-8476,-1418,-5113,-9105,3046,2794
61,10634864531072838,27047,-129,-104,51592,640246,-9961,-350,-801,-8985,3974,1863
13,10634864567129259,25938,-5654,354,51894,1985722,-6625,-7297,-1688,-844,-9920,-935
64,10634864579316688,28527,-1468,-211,52633,257688,-1975,3285,-9235,386,9129,-4062
71,10634864701072707,27810,-963,832,162420,1565889,3499,3288,8771,1346,4698,8724
58,10634864736788399,25287,-4211,411,151915,2032173,-7337,3802,-5630,-9286,-3188,-1896
28,10634864941713900,27914,-3728,352,126701,1191268,3387,-9000,-2742,-7370,-6287,-2478
74,10634865004903831,25019,-1552,512,96527,224768,-5047,3267,7990,-6589,7283,1878
66,10634865137550546,27811,-560,70,134756,615656,477,31,9988,5480,5964,5864
44,10634865210759951,25739,-1464,219,304777,1697574,-2722,-9093,3146,-8482,-4789,2260
105,10634865246469278,25371,-1785,-1545,177358,1903752,-3149,1093,-9427,2386,6446,-7262
106,10634865338405309,25347,-2716,291,65308,709939,1356,-3049,9426,3579,4601,8124
16,10634866033735035,27779,-5615,-78,66321,756815,6877,7123,1398,8535,4151,3148
62,10634866107898473,26432,-308,449,144597,2892915,-9148,560,-3999,-9968,501,-606
24,10634866173416007,25942,-5393,1189,320400,3168722,-7201,-1837,6690,-9230,-3249,2059
65,10634866245040730,28258,-895,454,137574,1347221,-328,2809,9591,-3887,8393,3800
53,10634866413268722,25214,-4615,339,102911,906204,7226,6835,-1028,5622,-1979,8029
73,10634866579476134,25218,-1686,289,73233,1084032,-2345,-5178,8226,8732,2879,3930
47,10634866813760438,27479,-5848,139,26790,1349147,5105,3832,7697,8983,-714,4334
97,10634866943000115,25953,-5597,1726,40143,485622,-550,-7248,6867,-7545,-5871,2931
59,10634867421916704,27657,-4093,1258,188937,765980,-998,2757,9560,9033,2296,-3623
23,10634867867139908,25334,-4951,656,84663,1266994,-9871,1224,-1024,-2,-9749,-2225
49,10634867876128343,27919,-4442,24,386837,2917262,7127,16,-7014,7295,5459,-4119
57,10634867931716667,25090,-4065,31,217876,1543226,6012,-5481,-5814,-1550,-9670,2021
88,10634868309842255,27828,-4293,-266,175917,714895,-1737,2522,9519,-498,-1965,9792
14,10634868356884990,26215,-5730,-477,86305,631589,-4444,-1269,-8867,8859,-4231,1900
52,10634868399696416,27358,-5777,256,109349,1617159,-8019,5845,1228,-8130,5708,-1140
63,10634868716632573,28436,-1855,133,134372,1031759,5378,911,8381,6284,5437,5561
40,10634868941179442,27223,-482,1553,84561,1173023,5584,5864,-5867,7808,5122,-3575
68,10634869101961045,25985,-460,303,276150,2837120,-1888,7020,-6866,-6847,5906,-4269
13,10634869138085184,25938,-5655,354,89107,2774412,-2944,-9549,365,363,-9987,-329
38,10634869211152092,26758,-338,376,172383,1185990,4585,-5811,-6722,5427,-4173,-7288
100,10634869218658701,26180,-5,904,143975,1700487,-4754,3060,-8247,-5071,5213,-6862
75,10634869276897374,26240,-1115,-204,182464,2578985,7961,-5192,-3107,7860,-6093,-1039
61,10634869411034873,27047,-129,-104,56846,778632,-9879,1399,-662,-7889,5960,1490
67,10634869413272139,26679,-604,171,102699,1388590,-8298,-2283,-5091,-8950,2247,3852
64,10634869475287389,28528,-1468,-213,45927,476807,-213,5723,-8197,5088,8586,-612
58,10634869595742439,25287,-4211,410,142686,1863051,-7248,2589,-6383,-8067,-5473,-2226
28,10634869608688821,27915,-3729,352,139509,850945,4512,-8605,-2360,-4415,-8390,-3178
71,10634869645049668,27810,-963,833,174915,1605746,3269,3267,8867,1211,4685,8750
74,10634869966848075,25019,-1552,511,78785,315238,-6915,1747,7008,-7666,-5738,-2878
44,10634869978727230,25740,-1466,220,298613,1149432,-1070,-9425,3164,277,-9465,3213
66,10634870049512720,27811,-560,68,119397,304738,-267,-323,9991,-129,5838,8117
105,10634870406495896,25370,-1785,-1547,183453,1722147,-4052,1024,-9084,-462,6327,-7729
106,10634870506380731,25346,-2717,290,41701,423610,-1237,-6227,7725,-2233,5772,7854
16,10634870625707758,27780,-5615,-75,77965,829127,1333,9147,3814,-1581,8785,4506
24,10634870813394924,25943,-5394,1183,224083,1495860,-7008,-2131,6807,-8721,-4643,1539
62,10634870992866166,26433,-307,446,178426,2641042,-6082,3415,-7164,-8769,4131,-2452
65,10634871149058113,28259,-895,455,172822,1481557,1130,3102,9439,-569,8818,4680
53,10634871240245286,25214,-4614,336,97245,753741,6746,7216,-1549,2999,-2961,9068
73,10634871534438709,25218,-1686,290,87441,835034,-2739,-6068,7461,8388,-782,5387
47,10634871602752993,27478,-5847,141,70060,1038998,-1868,4318,8823,4042,3665,8379
97,10634872051983902,25949,-5600,1737,62827,1427024,-9579,-2857,-243,-9938,1000,-480
59,10634872285888157,27657,-4093,1259,187579,765980,-826,2823,9557,9033,2296,-3623
23,10634872502104563,25331,-4953,663,159875,2291510,-8416,-2576,4746,-3620,-9271,965
49,10634872676096628,27920,-4441,26,379134,2714654,7079,260,-7057,6995,5747,-4245
57,10634872784683246,25094,-4060,21,471627,5027311,9020,1950,-3849,9041,4254,386
14,10634872932840864,26213,-5731,-479,106159,1875556,-6230,-6996,-3497,-668,-9692,2367
52,10634873220670285,27360,-5775,268,138187,1762263,-7033,4959,5092,-8807,4691,655
88,10634873360788510,27828,-4293,-265,179143,714895,-1716,2437,9545,-498,-1965,9792
63,10634873607603446,28435,-1855,123,85407,1686614,7257,5167,-4541,3622,8772,-3148
40,10634873685200031,27220,-484,1565,63327,1438790,-5812,-4684,6653,-5093,-8605,22
13,10634873709039966,25938,-5653,353,70773,468235,-4888,8157,3091,-3038,9456,1157
38,10634873942116509,26759,-332,376,188609,4036388,924,6066,-7895,-2439,9309,-2717
68,10634874024928933,25980,-462,314,212005,4045275,-7721,4075,-4875,-9706,-1585,-1807
75,10634874244922587,26242,-1112,-206,202861,2642070,9639,1257,-2346,9674,2405,-792
28,10634874275664488,27915,-3726,345,125437,742034,4386,-5117,-7387,-5843,-1754,-7923
61,10634874290997127,27047,-129,-102,45321,356582,-9172,-2053,3413,-7115,-127,7025
67,10634874330258860,26681,-604,169,113893,2516208,279,6122,-7902,3361,9379,858
100,10634874346677125,26176,-7,918,103873,1219050,-8159,-5696,983,-4630,-8093,-3611
64,10634874371258675,28531,-1470,-224,140604,1205933,5037,-488,-8624,9329,831,-3502
58,10634874454695770,25287,-4212,410,96213,1196310,-5737,2519,-7792,-2073,-9524,-2231
71,10634874589028294,27810,-963,826,125380,1193705,6930,2825,6631,6785,710,7311
44,10634874746694518,25740,-1469,223,367542,3464159,1096,-9316,3463,6377,-7481,1829
74,10634874928792559,25020,-1552,512,88082,433094,-3926,-62,9196,1245,-9777,1687
66,10634874961475556,27811,-561,69,123490,408560,605,-1786,9820,5238,-5963,6082
16,10634875217679850,27785,-5617,-76,130204,2280760,9981,159,587,9583,-2728,841
24,10634875453373502,25943,-5395,1182,224009,1374981,-7039,-2088,6788,-8773,-4518,1614
105,10634875566522379,25371,-1785,-1549,192040,2185207,-2394,2618,-9349,3137,7192,-6198
106,10634875674356789,25345,-2716,294,83343,740997,1543,-4184,8950,5364,-578,8419
62,10634875877834360,26436,-306,446,132084,951103,-126,4317,-9018,3341,7692,-5445
65,10634876053075322,28260,-897,456,166502,959693,2195,1471,9644,1996,7010,6845
53,10634876067221213,25217,-4615,340,216607,3652782,9237,2879,2524,9470,538,3164
47,10634876391745409,27477,-5847,138,52988,704414,-7178,4130,5603,-4145,3421,8432
73,10634876489401722,25219,-1685,287,72307,2323656,2350,3990,8862,6175,7643,1852
23,10634877137067594,25333,-4955,660,137625,2499916,-7518,-5444,3718,-1250,-9914,384
59,10634877149859868,27656,-4088,1273,271184,801703,-391,2113,9766,9849,-952,1444
97,10634877160967215,25943,-5597,1749,84512,1436057,-8768,-4659,1186,-9849,-1730,-9
49,10634877476065692,27921,-4442,21,416334,2306530,6429,-1013,-7592,7654,2253,-6027
14,10634877508796291,26213,-5732,-481,106313,2178887,-2228,-8789,-4215,3324,-9268,1743
57,10634877637650177,25097,-4063,15,430090,3121185,8523,581,-5197,9587,2836,-193
52,10634878041643907,27361,-5775,274,92844,668153,-4972,2128,8410,-9508,-2440,1905
13,10634878279995269,25940,-5655,353,14994,1072845,6407,3374,6895,7594,-6506,-23
88,10634878411734611,27828,-4293,-270,97654,1040936,2916,3658,8838,9204,-3461,1812
40,10634878429221015,27221,-484,1566,60168,1103693,2639,-4359,8604,4484,-8905,762
63,10634878498574081,28436,-1854,125,92955,1770270,7613,6446,-692,4048,8998,-1624
38,10634878673081036,26762,-334,380,178038,2809797,6733,3104,-6709,5336,7912,-2984
28,10634878942639981,27915,-3725,342,141954,826181,3869,-4100,-8258,-4769,-1605,-8641
68,10634878947896991,25983,-463,312,148483,2805054,-5226,697,-8496,-6163,-7339,-2854
61,10634879170958937,27045,-129,-104,117916,1882137,-9917,1259,-250,-9563,2860,602
75,10634879212947382,26243,-1113,-209,210770,2527216,9483,1548,-2768,9515,2900,-1024
67,10634879247246237,26682,-606,168,114799,2287623,3798,3896,-8389,7332,6766,667
64,10634879267229829,28531,-1470,-222,105698,1068508,6175,-695,-7834,9794,533,-1945
58,10634879313649434,25288,-4213,414,73576,2468541,-5168,-6541,-5522,575,-9983,-57
100,10634879474695330,26176,-6,919,79655,1315630,-3983,-9020,-1665,3065,-8586,-4108
44,10634879514661885,25740,-1472,223,387292,3158014,693,-9353,3469,5174,-8291,2116
71,10634879533005731,27811,-963,828,123308,1551644,6106,-1991,7664,2987,-7584,5791
16,10634879809651743,27785,-5617,-72,89159,1506363,7592,-2843,5853,4237,-8372,3455
66,10634879873437434,27811,-560,68,114920,369278,-1065,-1346,9851,-7936,-3397,5046
74,10634879890735229,25019,-1552,507,91381,905826,-9755,1980,-951,-8436,-489,-5346
24,10634880093351675,25943,-5396,1180,231417,1832457,-7937,-3243,5145,-8477,-5302,70
105,10634880726548852,25369,-1785,-1549,200279,1978915,-5559,1844,-8104,-5422,5744,-6131
62,10634880762802043,26432,-308,447,214894,3379258,-7630,625,-6432,-9770,62,-2127
106,10634880842331959,25344,-2717,292,72213,1762018,-9007,149,4339,-8549,4955,1531
53,10634880894198096,25214,-4613,338,114319,1134175,3247,8868,3286,-4421,2366,8651
65,10634880957092568,28260,-897,457,170324,959693,2201,1632,9617,1996,7010,6845
47,10634881180737848,27476,-5846,136,68434,1087136,-8669,4780,1408,-7892,4828,3794
73,10634881444364496,25218,-1685,285,68534,2246741,-130,6896,7239,3757,9155,1437
23,10634881772030607,25334,-4956,659,116892,2437395,-5513,-7553,3542,1702,-9850,246
59,10634882013830768,27657,-4088,1273,241766,912372,45,2404,9706,9984,311,-468
14,10634882084752110,26212,-5730,-483,72694,436747,-6440,-1316,-7535,7113,2820,6437
97,10634882269953720,25942,-5598,1751,67633,1092184,-8845,-4551,1022,-9927,-1195,-70
49,10634882276034941,27922,-4442,19,424585,2393923,6803,-784,-7286,7934,2703,-5452
57,10634882490617197,25099,-4063,14,442944,3121185,8603,661,-5053,9587,2836,-193
13,10634882850950419,25939,-5654,354,18098,986223,4864,1990,8507,7409,-6711,220
52,10634882862617396,27362,-5774,276,94356,677523,-4789,1289,8683,-8661,-4547,2072
40,10634883173241853,27221,-484,1563,33642,890446,6748,-5915,4411,5339,-8366,-1221
63,10634883389545057,28436,-1855,125,90260,1454368,7862,5629,-2546,4210,8642,-2754
38,10634883404045432,26764,-334,374,221572,2812259,5439,3059,-7813,4125,8198,-3970
88,10634883462681026,27828,-4294,-275,46444,1435067,8029,572,5932,7812,-6153,-1043
28,10634883609615548,27915,-3726,341,151916,852956,3685,-4141,-8322,-4066,-2343,-8830
68,10634883870864940,25984,-463,313,133197,1825111,-767,1500,-9856,-454,-9048,-4233
61,10634884050921883,27045,-129,-107,107730,1118079,-6886,2204,-6907,-5970,7033,-3857
64,10634884163201222,28530,-1469,-220,114740,1176328,5859,1653,-7933,9004,3735,-2227
67,10634884164232863,26683,-606,166,131941,2326811,4576,3370,-8227,8087,5876,254
58,10634884172602270,25288,-4214,414,84594,2581053,-3036,-7567,-5789,1531,-9877,-312
75,10634884180973220,26242,-1115,-212,172218,1631744,9492,-773,-3049,9936,-161,-1110
44,10634884282629078,25741,-1474,222,411046,3659970,1298,-9321,3379,5893,-7854,1890
