3
1
4
1
1
1
1
1
1
1
1
1
1
1
2
1
1
1
1
1
18
3
1
1
1
3
1
2
3
1
2
1
1
1
3
1
1
1
1
4
1
1
1
134
2
1
2
1
5
1
1
2
1
1
4
1
1
1
2
4
2
2
2
4
1
1
1
1
1
18
3
1
1
1
1
1
1
1
1
3
1
1
1
41
3
6
1
3
2
1
2
1
2
1
4
1
2
6
1
27
1
2
1
1
3
1
213
1
8
1
2
2
1
1
1
2
1
9
5
2
2
2
1
2
4
1
1
1
6
1
2
1
1
1
1
5
2
11
7
1
1
1
4
1
1
5
1
1
1
2
1
13
32
2
1
1
3
14
1
9
1
9
10
1
1
5
3
1
1
1
1
10
1
2
1
1
2
1
1
2
1
1
2
1
1
1
9
4
1
2
1
1
12
6
1
2
1
1
1
1
1
1
1
3
1
3
3
1
1
1
1
1
3
1
1
1
16
5
1
1
2
1
1
1
1
1
1
3
1
1
1
1
1
1
1
1
1
1
1
1
1
1
19
1
1
1
1
1
13
2
1
1
1
3
2
1
1
1
4
2
1
1
1
2
1
1
15
1
5
1
2
3
5
1
1
3
1
1
1
1
1
1
1
1
11
477
1
8
1
1
5
1
9
157
1
1
1
2
4
78
1
1
9
1
5
1
1
3
1
1
1
1
2
1
1
1
1
1
1
2
10
1
13
1
1
1
2
3
3
1
5
1
2
5
2
3
1
13
1
4
1
1
3
1
1
1
513
1
2
2
7
1
1
1
3
3
1
1
7
132
1
3
1
3
1
1
5
2
1
5
3
1
2
7
1
1
1
1
1
1
1
1
15
5
1
1
3
7
7
16
1
1
1
1
1
3
1
2
1
1
1
1
1
1
1
1
1
3
13
2
1
1
18
1
1
1
2
68
2
1
12
3
5
1
3
2
4
12
1
5
1
1
1
1
1
1
1
1
6
2
1
1
1
1
1
1
1
1
1
1
1
1
1
1
1
1
2
1
2
1
5
2
1
4
2
2
1
1
1
1
1
43
1
1
9
1
13
1
1
181
3
3
2
2
1
1
1
1
1
1
3
2
2
3
2
1
1
2
2
1
1
2
2
2
2
1
1
1
1
1
1
32
2
4
22
2
7
1
1
2
1
2
1
2
1
1
3
37
3
1
1
1
1
6
3
6
54
3
2
1
3
1
4
1
1
2
1
1
1
1
1
1
1
43
3
1
1
1
3
1
1
1
1
1
3
1
2
1
1
1
2
1
4
1
2
1
1
2
1
1
7
2
2
3
1
1
1
1
1
1
1
1
1
1
2
4
1
1
1
1
1
1
1
2
1
2
1
7
4
1
2
1
1
1
5
1
1
1
6
43
2
1
1
3
14
1
1
1
1
2
1
2
1
1
1
1
5
9
1
1
1
1
1
4
1
3
1
1
1
1
2
1
1
1
5
1
1
16
1
1
32
1
1
2
1
1
1
1
2
53
52
1
2
3
2
1
3
3
5
1
1
4
1
1
2
1
1
3
1
1
1
2
1
1
1
1
1
1
3
42
5
1
1
1
1
1
1
2
1
1
47
2
3
1
1
3
2
1
1
2
72
1
1
1
1
1
3
1
1
2
1
1
1
1
1
3
1
1
1
2
2
1
1
2
1
3
1
2
1
1
8
3
1
1
1
1
23
3
2
3
3
1
1
1
1
2
1
1
1
1
1
7720
4
18
1
3
1
1
2
2
1
5
1
1
1
1
6
1
2
2
11
1
1
1
1
1
1
3
7
1
2
1
1
1
2
1
1
1
1
1
1
3
1
1
53
1
116
1
8
1
1
1
2
1
2
1
1
3
2
1
1
1
189
1
6
1
2
1
6
2
1
1
3
18
1
1
2
14
1
1
1
1
1
2
1
1
4
1
1
1
2
1
1
1
1
33
1
1
1
1
4
1
1
1
2
1
1
1
1
2
1
2
1
2
1
5
6
14
2
1
6
2
1
1
1
1
1
1
1
1
1
2
3
4
5
1
8
1
1
1
6
1
1
1
2
1
3
6
5
1
1
2
3
1
5
1
2
1
4
1
1
1
2
12
1
8
1
1
1
1
1
1
1
1
1
1
1
1
238
1
1
2
1
1
1
1
1
1
3
1
1
3
1
1
1
1
2
1
7
2
3
2
2
1
1
5
1
1
1
3
1
10
2
1
1
3
11
1
1
3
1
1
1
1
1
2
2
1
1
1
